	26.0
KD_REP1_T0_1	51634.0
	26.0
KD_REP1_T0_2	51634.0
	9.0	10.0	11.0	12.0	13.0	14.0	15.0	16.0	17.0	18.0	19.0	20.0	21.0	22.0	23.0	24.0	25.0	26.0	27.0	28.0	29.0	30.0	31.0	32.0	33.0	34.0	35.0	36.0	37.0
KD_REP1_T1_1	1.0	2.0	0.0	3.0	5.0	15.0	25.0	60.0	160.0	303.0	568.0	798.0	1122.0	1606.0	2265.0	3170.0	4490.0	6286.0	8363.0	11012.0	14076.0	17899.0	21987.0	28381.0	38578.0	59612.0	113881.0	188247.0	16768.0
	7.0	8.0	9.0	10.0	11.0	12.0	13.0	14.0	15.0	16.0	17.0	18.0	19.0	20.0	21.0	22.0	23.0	24.0	25.0	26.0	27.0	28.0	29.0	30.0	31.0	32.0	33.0	34.0	35.0	36.0	37.0
KD_REP1_T1_2	2.0	7.0	6.0	16.0	27.0	63.0	131.0	222.0	389.0	756.0	1220.0	1841.0	2211.0	2694.0	3209.0	3840.0	4581.0	5570.0	6656.0	8124.0	9892.0	11842.0	14374.0	17772.0	22142.0	28551.0	38060.0	54808.0	98105.0	178176.0	24396.0
	26.0
KD_REP2_T0_1	27851.0
	26.0
KD_REP2_T0_2	27851.0
	9.0	10.0	11.0	12.0	13.0	14.0	15.0	16.0	17.0	18.0	19.0	20.0	21.0	22.0	23.0	24.0	25.0	26.0	27.0	28.0	29.0	30.0	31.0	32.0	33.0	34.0	35.0	36.0	37.0
KD_REP2_T1_1	1.0	1.0	0.0	3.0	5.0	14.0	28.0	55.0	160.0	309.0	587.0	811.0	1120.0	1578.0	2295.0	3113.0	4510.0	6330.0	8447.0	11098.0	13999.0	17884.0	22033.0	28397.0	38442.0	59552.0	113954.0	188324.0	16767.0
	7.0	8.0	9.0	10.0	11.0	12.0	13.0	14.0	15.0	16.0	17.0	18.0	19.0	20.0	21.0	22.0	23.0	24.0	25.0	26.0	27.0	28.0	29.0	30.0	31.0	32.0	33.0	34.0	35.0	36.0	37.0
KD_REP2_T1_2	2.0	5.0	7.0	14.0	27.0	62.0	122.0	225.0	391.0	722.0	1227.0	1858.0	2198.0	2727.0	3228.0	3918.0	4599.0	5542.0	6652.0	8085.0	9877.0	11900.0	14392.0	17690.0	22156.0	28629.0	37940.0	54721.0	97995.0	178312.0	24594.0
	26.0
WT_REP1_T0_1	83694.0
	26.0
WT_REP1_T0_2	83694.0
	9.0	10.0	11.0	12.0	13.0	14.0	15.0	16.0	17.0	18.0	19.0	20.0	21.0	22.0	23.0	24.0	25.0	26.0	27.0	28.0	29.0	30.0	31.0	32.0	33.0	34.0	35.0	36.0	37.0
WT_REP1_T1_1	1.0	2.0	0.0	3.0	4.0	14.0	27.0	64.0	187.0	348.0	648.0	927.0	1263.0	1781.0	2591.0	3595.0	5059.0	7182.0	9505.0	12546.0	16047.0	20389.0	25099.0	32254.0	43880.0	67664.0	129438.0	214026.0	19106.0
	7.0	8.0	9.0	10.0	11.0	12.0	13.0	14.0	15.0	16.0	17.0	18.0	19.0	20.0	21.0	22.0	23.0	24.0	25.0	26.0	27.0	28.0	29.0	30.0	31.0	32.0	33.0	34.0	35.0	36.0	37.0
WT_REP1_T1_2	3.0	9.0	8.0	17.0	32.0	71.0	149.0	246.0	445.0	840.0	1415.0	2055.0	2530.0	3110.0	3616.0	4398.0	5255.0	6346.0	7593.0	9303.0	11213.0	13524.0	16360.0	20192.0	25183.0	32550.0	43178.0	62192.0	111596.0	202404.0	27817.0
	26.0
WT_REP2_T0_1	92311.0
	26.0
WT_REP2_T0_2	92311.0
	9.0	10.0	11.0	12.0	13.0	14.0	15.0	16.0	17.0	18.0	19.0	20.0	21.0	22.0	23.0	24.0	25.0	26.0	27.0	28.0	29.0	30.0	31.0	32.0	33.0	34.0	35.0	36.0	37.0
WT_REP2_T1_1	1.0	2.0	0.0	3.0	4.0	16.0	27.0	60.0	176.0	345.0	641.0	930.0	1258.0	1785.0	2581.0	3579.0	5097.0	7201.0	9503.0	12536.0	15995.0	20404.0	25151.0	32320.0	43927.0	67688.0	129467.0	213855.0	19109.0
	7.0	8.0	9.0	10.0	11.0	12.0	13.0	14.0	15.0	16.0	17.0	18.0	19.0	20.0	21.0	22.0	23.0	24.0	25.0	26.0	27.0	28.0	29.0	30.0	31.0	32.0	33.0	34.0	35.0	36.0	37.0
WT_REP2_T1_2	3.0	9.0	8.0	18.0	32.0	70.0	150.0	246.0	447.0	855.0	1398.0	2058.0	2541.0	3101.0	3596.0	4390.0	5256.0	6364.0	7599.0	9272.0	11244.0	13513.0	16348.0	20177.0	25191.0	32550.0	43181.0	62236.0	111505.0	202531.0	27772.0

